1.782316327095031738e+01
8.948725461959838867e+00
1.785330772399902344e+01
1.701646924018859863e+01
8.468517065048217773e+00
1.593482136726379395e+01
1.686167478561401367e+01
1.825029373168945312e+01
1.369692206382751465e+01
2.227000236511230469e+01
1.728909730911254883e+01
1.206496477127075195e+01
1.092525124549865723e+01
1.082163333892822266e+01
1.021633744239807129e+01
1.388973236083984375e+01
1.339925646781921387e+01
5.487871170043945312e+00
1.152649641036987305e+01
1.335250139236450195e+01
1.570002317428588867e+01
1.369248032569885254e+01
1.025685787200927734e+01
9.188990592956542969e+00
1.611536383628845215e+01
8.632507324218750000e+00
1.008858799934387207e+01
1.577618598937988281e+01
1.686912298202514648e+01
8.681827783584594727e+00
2.386185646057128906e+01
1.177227616310119629e+01
6.132290959358215332e+00
1.661918878555297852e+01
2.243658781051635742e+01
1.528733730316162109e+01
2.159921169281005859e+01
5.427526235580444336e+00
9.400510787963867188e+00
2.018744945526123047e+01
1.545022249221801758e+01
2.109762430191040039e+01
2.036334991455078125e+01
1.667812705039978027e+01
1.196094155311584473e+01
1.736502885818481445e+01
1.542015075683593750e+01
1.374544858932495117e+01
1.152768373489379883e+01
8.399651050567626953e+00
3.115617334842681885e+00
1.271490216255187988e+01
1.133510231971740723e+01
1.547837376594543457e+01
1.167253255844116211e+01
2.420043945312500000e+01
2.048782110214233398e+01
1.673060059547424316e+01
1.400252103805541992e+01
1.541812539100646973e+01
1.968117952346801758e+01
1.497902989387512207e+01
2.472921371459960938e+01
1.736084103584289551e+01
1.319959163665771484e+01
1.163178563117980957e+01
1.422848224639892578e+01
1.918033838272094727e+01
1.429533720016479492e+01
1.317915081977844238e+01
1.664269924163818359e+01
1.460819959640502930e+01
1.328180432319641113e+01
1.398564100265502930e+01
1.412338376045227051e+01
2.030177354812622070e+01
1.356463432312011719e+01
2.299817323684692383e+01
1.564442992210388184e+01
1.349373817443847656e+01
1.940693378448486328e+01
1.360423088073730469e+01
1.029710650444030762e+01
1.897497057914733887e+01
1.046359300613403320e+01
1.109385728836059570e+01
6.420304179191589355e+00
2.238131284713745117e+01
2.060857295989990234e+01
1.271342039108276367e+01
6.629654169082641602e+00
1.230630397796630859e+01
1.673478603363037109e+01
1.669956326484680176e+01
1.691346168518066406e+01
2.032631397247314453e+01
1.305812478065490723e+01
2.490776538848876953e+01
2.173586368560791016e+01
1.498018980026245117e+01
1.797502994537353516e+01
1.226644754409790039e+01
2.184361934661865234e+01
1.137225985527038574e+01
1.339182376861572266e+01
1.319315075874328613e+01
1.329645276069641113e+01
1.371226191520690918e+01
1.647095084190368652e+01
1.537129402160644531e+01
1.192475080490112305e+01
2.031224489212036133e+01
1.619573354721069336e+01
1.006418943405151367e+01
1.165508747100830078e+01
1.752098083496093750e+01
2.219723701477050781e+01
1.976628780364990234e+01
1.216763019561767578e+01
1.393753051757812500e+01
1.016884207725524902e+01
1.982750415802001953e+01
2.138956785202026367e+01
1.175386667251586914e+01
2.356094837188720703e+01
1.704893946647644043e+01
1.900699138641357422e+01
1.314758300781250000e+01
1.407878398895263672e+01
1.423632979393005371e+01
1.187713027000427246e+01
1.730134248733520508e+01
1.698751926422119141e+01
1.422409892082214355e+01
1.643656015396118164e+01
9.852153062820434570e+00
1.456359863281250000e+01
1.518998622894287109e+01
2.027494907379150391e+01
1.218347311019897461e+01
1.173718214035034180e+01
1.579660058021545410e+01
2.284236907958984375e+01
1.261074066162109375e+01
1.702946186065673828e+01
1.162695527076721191e+01
3.826229572296142578e+00
1.830084204673767090e+01
1.267135858535766602e+01
1.410621643066406250e+01
1.595523476600646973e+01
1.987944245338439941e+01
1.448087930679321289e+01
2.095835924148559570e+01
1.939439535140991211e+01
1.617667317390441895e+01
2.084214210510253906e+01
1.953794956207275391e+01
1.531465888023376465e+01
1.771625995635986328e+01
1.732736349105834961e+01
1.081170558929443359e+01
1.286061167716979980e+01
1.104703068733215332e+01
2.595775842666625977e+01
1.276672244071960449e+01
5.764596462249755859e+00
1.312049984931945801e+01
1.269666075706481934e+01
1.766998887062072754e+01
1.133976221084594727e+01
1.653814673423767090e+01
1.110237360000610352e+01
1.038996934890747070e+01
1.267288684844970703e+01
1.144627928733825684e+01
1.269430279731750488e+01
1.254120826721191406e+01
1.061489343643188477e+01
1.188851118087768555e+01
1.762883424758911133e+01
1.624762892723083496e+01
1.405443668365478516e+01
1.222752094268798828e+01
1.266775846481323242e+01
1.530180811882019043e+01
1.176311373710632324e+01
1.217583298683166504e+01
1.104252219200134277e+01
1.599011659622192383e+01
8.255842328071594238e+00
1.320954680442810059e+01
7.035079598426818848e+00
2.149770021438598633e+01
6.134872436523437500e+00
2.407631635665893555e+01
1.441508173942565918e+01
4.477611780166625977e+00
1.087232351303100586e+01
1.114047288894653320e+01
7.094240784645080566e+00
7.583051919937133789e+00
1.071964144706726074e+01
1.332664966583251953e+01
9.444407224655151367e+00
9.140836000442504883e+00
7.979310750961303711e+00
9.769856929779052734e+00
1.491267442703247070e+01
1.091613411903381348e+01
3.879372179508209229e+00
1.485678911209106445e+01
1.087105870246887207e+01
1.594081044197082520e+01
1.241897225379943848e+01
1.499355196952819824e+01
1.502103686332702637e+01
1.649787664413452148e+01
1.286584615707397461e+01
1.655556797981262207e+01
1.027029037475585938e+01
-1.106355562806129456e+00
1.373330831527709961e+01
1.090122818946838379e+01
1.383760929107666016e+01
7.511537075042724609e+00
1.080896735191345215e+01
-1.411103308200836182e+00
1.416904449462890625e+01
7.386580109596252441e+00
1.654468774795532227e+01
1.137761354446411133e+01
1.464940071105957031e+01
1.155907630920410156e+01
1.534164428710937500e+01
8.138236403465270996e+00
9.505637288093566895e+00
-8.207858540117740631e-02
1.435136556625366211e+01
5.695360302925109863e+00
1.460308074951171875e+01
-1.109535023570060730e+00
1.445899963378906250e+01
1.123226404190063477e+01
1.404191732406616211e+01
1.609778642654418945e+01
8.842251300811767578e+00
1.502793788909912109e+01
8.925428390502929688e+00
2.087619781494140625e+01
1.141255974769592285e+01
1.419978976249694824e+01
2.028731584548950195e+01
8.050920963287353516e+00
1.432743310928344727e+01
9.760653972625732422e+00
9.913911819458007812e+00
1.491120696067810059e+01
1.831410169601440430e+01
1.511710047721862793e+01
9.883133172988891602e+00
1.358531713485717773e+01
1.003483533859252930e+01
1.350867033004760742e+01
5.495535135269165039e+00
1.083842754364013672e+01
1.299076199531555176e+01
1.041826367378234863e+01
1.850987434387207031e+01
1.250687003135681152e+01
1.480690121650695801e+01
1.355283141136169434e+01
1.639679789543151855e+01
1.766088485717773438e+01
1.208988666534423828e+01
1.362394571304321289e+01
1.199388146400451660e+01
1.480805039405822754e+01
2.305504828691482544e+00
1.319244980812072754e+01
1.136355638504028320e+01
1.247453212738037109e+01
1.408793091773986816e+01
1.104121208190917969e+01
1.367465019226074219e+01
1.206897020339965820e+01
1.428492784500122070e+01
1.510554432868957520e+01
1.652171969413757324e+01
2.162997484207153320e+01
6.733101010322570801e+00
1.370334744453430176e+01
2.136696577072143555e+01
1.084775209426879883e+01
1.266049385070800781e+01
1.806005954742431641e+01
1.070032119750976562e+01
1.190874099731445312e+01
1.112950325012207031e+01
6.675931811332702637e+00
1.373229622840881348e+01
1.407718777656555176e+01
1.546508550643920898e+01
1.538163542747497559e+01
1.788320660591125488e+01
1.438778042793273926e+01
1.746878027915954590e+01
6.017931699752807617e+00
1.496297359466552734e+01
9.174236655235290527e+00
1.211722850799560547e+01
1.899588942527770996e+01
5.287060141563415527e+00
4.158086702227592468e-01
1.106238007545471191e+01
1.019482851028442383e+01
1.189170122146606445e+01
1.440184593200683594e+01
1.683736443519592285e+01
1.294447660446166992e+01
1.626000285148620605e+01
1.952005267143249512e+01
1.856178998947143555e+01
1.548403143882751465e+01
1.315787553787231445e+01
1.782406687736511230e+01
9.193809032440185547e+00
1.403572678565979004e+01
1.446275234222412109e+01
7.471081614494323730e+00
1.062742233276367188e+01
3.871737420558929443e+00
1.415665984153747559e+01
2.004271030426025391e+01
8.485703468322753906e+00
1.133800148963928223e+01
5.748214125633239746e+00
1.323316931724548340e+01
1.422310948371887207e+01
1.598050117492675781e+01
9.839031696319580078e+00
1.101305842399597168e+01
2.952474951744079590e+00
1.354347229003906250e+01
1.126797676086425781e+01
3.696295022964477539e+00
1.519274592399597168e+01
1.702173829078674316e+01
1.704711198806762695e+01
1.942298889160156250e+01
1.197125792503356934e+01
1.093532562255859375e+01
5.685859918594360352e+00
1.429912328720092773e+01
1.557762503623962402e+01
1.333319902420043945e+01
1.117028713226318359e+01
1.480667114257812500e+01
9.740059971809387207e+00
1.108960390090942383e+01
3.534635007381439209e+00
1.153468728065490723e+01
1.473799347877502441e+01
1.592661738395690918e+01
1.947289109230041504e+01
1.255464434623718262e+01
5.108032226562500000e+00
1.335933804512023926e+01
1.689412236213684082e+01
1.357587933540344238e+01
1.742361783981323242e+01
3.962798416614532471e+00
1.562575817108154297e+01
1.093769073486328125e+01
1.548726797103881836e+01
7.430609464645385742e+00
1.484273314476013184e+01
1.520189285278320312e+01
1.358726978302001953e+01
2.005784034729003906e+01
6.023888587951660156e+00
1.247013926506042480e+01
1.732675552368164062e+01
1.331100583076477051e+01
1.766450881958007812e+01
1.390409946441650391e+01
1.636967062950134277e+01
1.848314404487609863e+01
1.755567193031311035e+01
1.091782808303833008e+01
1.827891349792480469e+01
1.182060480117797852e+01
1.555177092552185059e+01
1.882241487503051758e+01
1.733435153961181641e+01
1.036240339279174805e+01
4.929479956626892090e+00
1.606923580169677734e+01
1.651745438575744629e+01
1.366017103195190430e+01
1.622837305068969727e+01
1.223343014717102051e+01
1.566631317138671875e+01
1.539021611213684082e+01
1.709313392639160156e+01
1.326886057853698730e+01
1.563179135322570801e+01
1.515949845314025879e+01
1.593255758285522461e+01
1.307628870010375977e+01
5.452277660369873047e+00
1.510581731796264648e+01
1.651993870735168457e+01
1.342772841453552246e+01
1.631963253021240234e+01
1.785725116729736328e+01
1.348137259483337402e+01
1.190979599952697754e+01
9.500706195831298828e+00
8.574519753456115723e+00
1.568858742713928223e+01
1.318323135375976562e+01
2.036914825439453125e+01
1.338946938514709473e+01
1.093776106834411621e+01
7.933337688446044922e+00
1.569688320159912109e+01
9.725131988525390625e+00
1.158504605293273926e+01
1.733086824417114258e+01
1.962781310081481934e+01
1.527221322059631348e+01
1.732536792755126953e+01
1.772228121757507324e+01
6.706815958023071289e+00
1.474777340888977051e+01
1.394647598266601562e+01
1.617881059646606445e+01
2.327601432800292969e+01
7.784273624420166016e+00
1.754207015037536621e+01
1.932026505470275879e+01
1.784180998802185059e+01
1.461043953895568848e+01
1.692536234855651855e+01
1.467412710189819336e+01
1.178088188171386719e+01
1.175956964492797852e+01
9.618607163429260254e+00
1.570828437805175781e+01
1.687256097793579102e+01
1.318836450576782227e+01
7.062071561813354492e+00
1.056455254554748535e+01
1.923205971717834473e+01
1.433254480361938477e+01
1.859760403633117676e+01
1.503797173500061035e+01
1.677903532981872559e+01
1.620987296104431152e+01
2.146096706390380859e+01
1.427784442901611328e+01
1.392043828964233398e+01
1.525204062461853027e+01
1.528281092643737793e+01
1.521486997604370117e+01
8.308849334716796875e+00
1.237823724746704102e+01
1.505650758743286133e+01
2.056300401687622070e+01
1.864563584327697754e+01
1.432640910148620605e+01
1.885177373886108398e+01
1.668357253074645996e+01
1.490914702415466309e+01
4.173315048217773438e+01
1.734666943550109863e+01
1.729157924652099609e+01
1.207397699356079102e+01
1.619933366775512695e+01
1.433751821517944336e+01
1.399991989135742188e+01
1.514919877052307129e+01
1.212143063545227051e+01
2.167078971862792969e+01
1.402286171913146973e+01
1.801590204238891602e+01
9.336295127868652344e+00
1.840267419815063477e+01
1.425312876701354980e+01
1.228217244148254395e+01
1.606794476509094238e+01
1.302803397178649902e+01
1.176897168159484863e+01
1.306347131729125977e+01
2.219017505645751953e+01
1.563565135002136230e+01
1.496978521347045898e+01
1.623638629913330078e+01
2.465136051177978516e+01
1.086905241012573242e+01
2.221101760864257812e+01
1.472698926925659180e+01
1.647369265556335449e+01
1.326627850532531738e+01
1.436902284622192383e+01
1.228732705116271973e+01
1.804044485092163086e+01
1.236737251281738281e+01
1.014068961143493652e+01
1.577514290809631348e+01
1.487905502319335938e+01
9.599240422248840332e+00
1.262044668197631836e+01
5.278212428092956543e+00
1.347494125366210938e+01
1.047531843185424805e+01
4.999300241470336914e+00
1.418441057205200195e+01
1.143916368484497070e+01
6.187470555305480957e+00
6.382121443748474121e+00
1.142863035202026367e+01
1.752487421035766602e+01
9.482437968254089355e+00
9.351642131805419922e+00
1.158387064933776855e+01
1.390707015991210938e+01
1.567135572433471680e+01
1.196916818618774414e+01
1.152115225791931152e+01
1.728605389595031738e+01
1.454620361328125000e+01
1.371150255203247070e+01
1.029750466346740723e+01
1.197420597076416016e+01
1.393943071365356445e+01
1.317273497581481934e+01
1.623854994773864746e+01
1.913682103157043457e+01
1.379803538322448730e+01
1.073430299758911133e+01
2.083281755447387695e+01
1.280675888061523438e+01
1.523455023765563965e+01
1.959295868873596191e+01
1.154038071632385254e+01
1.757148742675781250e+01
1.470503211021423340e+01
2.063162565231323242e+01
1.133696198463439941e+01
1.259122252464294434e+01
5.958936214447021484e+00
2.102767467498779297e+01
1.642498850822448730e+01
1.451671719551086426e+01
1.445471882820129395e+01
7.633666992187500000e+00
1.867397189140319824e+01
2.010992527008056641e+01
1.606463432312011719e+01
1.962213635444641113e+01
1.170315980911254883e+01
8.706555366516113281e+00
1.847748756408691406e+01
1.601837158203125000e+01
1.539699196815490723e+01
1.756292104721069336e+01
5.917096138000488281e+00
1.235866427421569824e+01
1.543404102325439453e+01
1.483348727226257324e+01
1.446512460708618164e+01
1.593805789947509766e+01
1.443555831909179688e+01
1.098363399505615234e+01
1.533716082572937012e+01
1.863041400909423828e+01
1.958095073699951172e+01
1.528608918190002441e+01
1.483814001083374023e+01
1.088611721992492676e+01
1.191575765609741211e+01
2.004089832305908203e+01
1.351396799087524414e+01
1.724416136741638184e+01
1.985516905784606934e+01
1.342784762382507324e+01
7.754526734352111816e+00
1.654078483581542969e+01
1.512104868888854980e+01
1.979766726493835449e+01
8.765957355499267578e+00
1.767828583717346191e+01
1.075486779212951660e+01
1.723553776741027832e+01
1.909524917602539062e+01
1.438334941864013672e+01
1.061108589172363281e+01
5.919377803802490234e+00
4.626796245574951172e+00
1.920404553413391113e+01
1.209053993225097656e+01
1.458760738372802734e+01
1.163187265396118164e+01
1.596730947494506836e+01
1.222049832344055176e+01
1.536790251731872559e+01
1.918684840202331543e+01
1.995402812957763672e+01
1.775256156921386719e+01
1.877532124519348145e+01
1.649298667907714844e+01
2.096371889114379883e+01
1.767289638519287109e+01
6.687017679214477539e+00
1.679347038269042969e+01
1.890426635742187500e+01
1.577859282493591309e+01
2.180699348449707031e+01
6.780930757522583008e+00
1.574818134307861328e+01
1.244644165039062500e+01
1.203700542449951172e+01
2.129778623580932617e+01
1.232166290283203125e+01
1.045565843582153320e+01
2.179350137710571289e+01
2.364097118377685547e+01
1.950504660606384277e+01
1.720959782600402832e+01
9.903733730316162109e+00
1.658495306968688965e+01
1.652053594589233398e+01
9.582696557044982910e+00
6.914718151092529297e+00
1.550874352455139160e+01
1.785222649574279785e+01
1.290806174278259277e+01
1.858400940895080566e+01
1.404787182807922363e+01
1.690952062606811523e+01
1.134895563125610352e+01
1.838592767715454102e+01
1.700601696968078613e+01
9.976155757904052734e+00
1.670541763305664062e+01
1.718941688537597656e+01
2.229002952575683594e+01
9.741541147232055664e+00
1.025182366371154785e+01
1.864143490791320801e+01
1.848780512809753418e+01
1.857580304145812988e+01
2.989687919616699219e+00
1.344805955886840820e+01
1.520153284072875977e+01
1.286357164382934570e+01
9.724053144454956055e+00
1.889680385589599609e+01
2.001450300216674805e+01
3.789214789867401123e+00
1.676395297050476074e+01
1.454618096351623535e+01
1.590469002723693848e+01
1.626922607421875000e+01
1.777541637420654297e+01
1.022011518478393555e+01
1.278692722320556641e+01
1.323847293853759766e+01
1.478796720504760742e+01
1.282160758972167969e+01
1.686630249023437500e+01
3.876683115959167480e+00
1.095295786857604980e+01
1.447288751602172852e+01
2.179995536804199219e+01
1.583293914794921875e+01
6.695263385772705078e+00
1.515706062316894531e+01
2.042324781417846680e+01
1.585559725761413574e+01
1.945623993873596191e+01
1.230529904365539551e+01
1.274941682815551758e+01
1.423506498336791992e+01
1.820241212844848633e+01
1.476339817047119141e+01
1.266507506370544434e+01
1.660271286964416504e+01
2.032245397567749023e+01
2.203959941864013672e+01
1.858121514320373535e+01
1.259838461875915527e+01
1.435997366905212402e+01
1.336558818817138672e+01
1.890611052513122559e+01
3.568456172943115234e+00
1.414059638977050781e+01
1.893373131752014160e+01
1.266920566558837891e+01
2.106088876724243164e+01
1.043100118637084961e+01
1.809929966926574707e+01
1.941502451896667480e+01
1.944120764732360840e+01
1.340357542037963867e+01
9.064284563064575195e+00
1.824374198913574219e+01
2.014475822448730469e+01
1.345101952552795410e+01
1.906791925430297852e+01
1.604584455490112305e+01
2.428572177886962891e+01
1.522215247154235840e+01
1.639352560043334961e+01
1.572108030319213867e+01
1.662454724311828613e+01
1.918156266212463379e+01
1.079199433326721191e+01
9.939282536506652832e+00
1.370872497558593750e+01
1.396645903587341309e+01
1.983182430267333984e+01
9.479411840438842773e+00
1.351177692413330078e+01
1.575165629386901855e+01
1.729217052459716797e+01
1.928717970848083496e+01
2.088197231292724609e+01
1.863163709640502930e+01
1.331590294837951660e+01
1.582974672317504883e+01
1.781470894813537598e+01
1.547104954719543457e+01
1.606647253036499023e+01
1.196862578392028809e+01
1.275726556777954102e+01
1.870382666587829590e+01
1.549915313720703125e+01
1.278829216957092285e+01
1.712201714515686035e+01
2.016263961791992188e+01
1.725885391235351562e+01
1.099882006645202637e+01
1.374229431152343750e+01
1.872469186782836914e+01
1.389362931251525879e+01
1.391583919525146484e+01
1.801967620849609375e+01
8.864266872406005859e+00
1.554526925086975098e+01
9.245828986167907715e+00
1.584809303283691406e+01
2.043790102005004883e+01
2.179279327392578125e+01
1.234924077987670898e+01
1.469185948371887207e+01
6.731414794921875000e+00
2.094770431518554688e+01
1.816798686981201172e+01
1.892245292663574219e+01
1.332412362098693848e+01
1.811839103698730469e+01
2.156703710556030273e+01
6.949431300163269043e+00
1.339895367622375488e+01
1.384473085403442383e+01
1.815474987030029297e+01
1.869180917739868164e+01
1.652700424194335938e+01
6.278907060623168945e+00
9.986899495124816895e+00
1.087278604507446289e+01
1.389755249023437500e+01
1.671299099922180176e+01
1.623706459999084473e+01
2.165626049041748047e+01
2.205225944519042969e+01
7.754805088043212891e+00
1.356864690780639648e+01
1.322131276130676270e+01
1.381884574890136719e+01
1.824312448501586914e+01
1.934756994247436523e+01
7.979188561439514160e+00
1.822782397270202637e+01
1.898818850517272949e+01
1.329143762588500977e+01
4.150501489639282227e+00
2.515948772430419922e+01
1.631156682968139648e+01
1.071959376335144043e+01
1.554686307907104492e+01
3.475461006164550781e+00
1.672465443611145020e+01
9.549559950828552246e+00
1.343897581100463867e+01
1.122415184974670410e+01
6.542699337005615234e+00
1.456096887588500977e+01
9.383993744850158691e+00
8.376477956771850586e+00
5.248815417289733887e+00
2.017843246459960938e+01
4.201813936233520508e+00
1.151497721672058105e+01
1.330729484558105469e+01
1.226309537887573242e+01
1.415421247482299805e+01
8.177570104598999023e+00
2.452938318252563477e+01
7.940711379051208496e+00
1.264403343200683594e+01
1.372115015983581543e+01
1.986239194869995117e+01
1.851897358894348145e+01
1.384848833084106445e+01
5.186647176742553711e+00
2.378262281417846680e+01
5.928315520286560059e+00
1.870575547218322754e+01
1.107978940010070801e+01
9.569947719573974609e+00
1.224884629249572754e+01
1.852725863456726074e+01
2.332651615142822266e+01
9.233042001724243164e+00
1.375920295715332031e+01
6.807072758674621582e+00
2.703730583190917969e+01
1.081559658050537109e+01
1.004806756973266602e+01
1.656689286231994629e+01
1.984542846679687500e+01
8.242422938346862793e+00
1.616089105606079102e+01
1.667160749435424805e+01
1.745666980743408203e+01
1.854230761528015137e+01
1.634840965270996094e+01
1.285989403724670410e+01
1.595701336860656738e+01
1.706958174705505371e+01
1.483132839202880859e+01
1.511607527732849121e+01
1.019574522972106934e+01
1.116225719451904297e+01
2.082577705383300781e+01
1.033472895622253418e+01
1.313052535057067871e+01
1.964344859123229980e+01
1.999373316764831543e+01
1.269035458564758301e+01
1.040298819541931152e+01
1.421384096145629883e+01
1.483152270317077637e+01
2.123451709747314453e+01
1.732263207435607910e+01
7.552300095558166504e+00
2.198950290679931641e+01
1.160118103027343750e+01
1.189355134963989258e+01
8.512321710586547852e+00
1.447329998016357422e+01
1.622449874877929688e+01
1.449338197708129883e+01
1.427250623703002930e+01
1.224500179290771484e+01
9.662567377090454102e+00
1.379197120666503906e+01
8.970357179641723633e+00
1.254118919372558594e+01
1.048249959945678711e+01
1.296489119529724121e+01
1.409056901931762695e+01
1.707147598266601562e+01
1.237331390380859375e+01
9.476837515830993652e+00
1.267852783203125000e+01
1.485376477241516113e+01
7.779698371887207031e+00
1.472643136978149414e+01
1.490778684616088867e+01
1.257602691650390625e+01
1.391950845718383789e+01
1.480121374130249023e+01
1.219822883605957031e+01
1.635194420814514160e+01
1.110547542572021484e+01
1.443380713462829590e+01
1.727837681770324707e+01
1.502793908119201660e+01
1.681617856025695801e+01
2.662447690963745117e+01
2.215279817581176758e+01
1.804969787597656250e+01
1.461751937866210938e+01
1.558117985725402832e+01
1.854097247123718262e+01
1.423663377761840820e+01
1.422294497489929199e+01
2.129550695419311523e+01
2.315059423446655273e+01
2.186901569366455078e+01
1.236401677131652832e+01
2.162111282348632812e+01
1.452125191688537598e+01
1.450075268745422363e+01
1.157074928283691406e+01
1.139729022979736328e+01
8.501757979393005371e+00
1.064664125442504883e+01
1.534460186958312988e+01
1.511575818061828613e+01
1.392897486686706543e+01
9.921507835388183594e+00
8.372343778610229492e+00
2.258335113525390625e+01
1.660892128944396973e+01
1.440862655639648438e+01
1.478888869285583496e+01
1.369833827018737793e+01
1.534710526466369629e+01
1.762578487396240234e+01
1.782665014266967773e+01
2.091202020645141602e+01
1.641872644424438477e+01
1.848064184188842773e+01
1.741330981254577637e+01
1.746109724044799805e+01
1.596865892410278320e+01
1.713187575340270996e+01
1.480354905128479004e+01
1.812239408493041992e+01
1.247132062911987305e+01
1.339373111724853516e+01
1.813255667686462402e+01
1.815824389457702637e+01
1.518385171890258789e+01
1.803686618804931641e+01
1.637671232223510742e+01
1.854944109916687012e+01
1.904352784156799316e+01
1.058443069458007812e+01
1.615638017654418945e+01
1.746250510215759277e+01
1.901848793029785156e+01
1.498124003410339355e+01
2.523475170135498047e+01
2.612810850143432617e+01
1.756616950035095215e+01
1.433762907981872559e+01
1.748506307601928711e+01
1.582262277603149414e+01
1.479487419128417969e+01
1.197978138923645020e+01
1.562568187713623047e+01
1.863557815551757812e+01
8.828670382499694824e+00
1.702003479003906250e+01
1.364954948425292969e+01
1.115242242813110352e+01
9.650741219520568848e+00
1.791231155395507812e+01
1.751919984817504883e+01
1.940251588821411133e+01
1.223944544792175293e+01
1.181114077568054199e+01
1.430027723312377930e+01
1.540654301643371582e+01
1.735411643981933594e+01
1.167910814285278320e+01
1.622229933738708496e+01
1.629713773727416992e+01
1.784954667091369629e+01
1.648430466651916504e+01
1.744757533073425293e+01
1.099055528640747070e+01
1.417733073234558105e+01
1.309607267379760742e+01
1.411508083343505859e+01
1.489878535270690918e+01
1.710817694664001465e+01
1.695524334907531738e+01
1.360661506652832031e+01
1.582954049110412598e+01
1.829929471015930176e+01
1.674385309219360352e+01
1.332980155944824219e+01
1.977413892745971680e+01
1.584741473197937012e+01
9.564683437347412109e+00
1.648851156234741211e+01
1.101581335067749023e+01
1.692124605178833008e+01
1.627208232879638672e+01
1.894936680793762207e+01
1.814169764518737793e+01
1.640236377716064453e+01
1.973606824874877930e+01
1.184185624122619629e+01
1.885135531425476074e+01
2.277542114257812500e+01
2.257274389266967773e+01
1.652684211730957031e+01
1.524437069892883301e+01
7.960119843482971191e+00
1.445088505744934082e+01
1.887383580207824707e+01
1.257178544998168945e+01
1.326107144355773926e+01
1.301128745079040527e+01
1.375934362411499023e+01
9.133017063140869141e+00
1.243181109428405762e+01
1.843197226524353027e+01
2.125938177108764648e+01
1.394196271896362305e+01
2.565407991409301758e+01
1.439271092414855957e+01
1.535344839096069336e+01
1.085812926292419434e+01
9.123513102531433105e+00
1.307641744613647461e+01
1.106535434722900391e+01
1.812430620193481445e+01
1.748153448104858398e+01
1.136594891548156738e+01
1.705951452255249023e+01
1.642833709716796875e+01
1.371067523956298828e+01
2.078839063644409180e+01
1.512845158576965332e+01
1.527671575546264648e+01
1.414561867713928223e+01
1.360806465148925781e+01
1.770333290100097656e+01
1.719023704528808594e+01
1.607164025306701660e+01
1.265029191970825195e+01
2.177389860153198242e+01
1.530790567398071289e+01
1.296138167381286621e+01
1.375185489654541016e+01
2.263278484344482422e+01
1.827945470809936523e+01
1.559314727783203125e+01
1.446579575538635254e+01
1.497389078140258789e+01
2.457147598266601562e+01
1.479471683502197266e+01
7.115260362625122070e+00
7.486156225204467773e+00
1.386889100074768066e+01
1.604865312576293945e+01
1.726518511772155762e+01
1.287933111190795898e+01
1.281230092048645020e+01
1.284895539283752441e+01
2.234497785568237305e+01
1.663725733757019043e+01
2.131052970886230469e+01
1.279747247695922852e+01
1.352535963058471680e+01
1.857942342758178711e+01
8.497789502143859863e+00
1.878214120864868164e+01
1.877753376960754395e+01
1.280573487281799316e+01
9.632420539855957031e+00
1.263261675834655762e+01
1.075194239616394043e+01
1.294376730918884277e+01
1.108222603797912598e+01
4.896206855773925781e+00
1.341094851493835449e+01
1.692016363143920898e+01
1.594368457794189453e+01
1.752438306808471680e+01
1.758056521415710449e+01
1.362999320030212402e+01
1.257556557655334473e+01
1.576926827430725098e+01
2.015459060668945312e+01
1.918042063713073730e+01
1.237274646759033203e+01
9.330941438674926758e+00
1.409777879714965820e+01
1.759336352348327637e+01
1.193264842033386230e+01
1.259509086608886719e+01
1.310515880584716797e+01
2.368301153182983398e+01
1.812838077545166016e+01
1.635785818099975586e+01
1.586534738540649414e+01
1.603111982345581055e+01
2.517606735229492188e+01
2.181258678436279297e+01
1.584765553474426270e+01
1.562744736671447754e+01
1.911249518394470215e+01
1.568706154823303223e+01
1.678090333938598633e+01
1.518529057502746582e+01
1.591759681701660156e+01
2.666242837905883789e+01
1.896833062171936035e+01
1.474112987518310547e+01
1.598942995071411133e+01
1.500093340873718262e+01
1.744699835777282715e+01
1.545861244201660156e+01
1.001111268997192383e+01
1.527981519699096680e+01
2.564315080642700195e+01
1.797067403793334961e+01
1.516446590423583984e+01
1.012834787368774414e+01
9.961396455764770508e+00
1.546678900718688965e+01
1.385525703430175781e+01
1.469623565673828125e+01
1.425487875938415527e+01
1.802004098892211914e+01
1.868187427520751953e+01
1.577960968017578125e+01
1.483797192573547363e+01
1.564502358436584473e+01
1.934112071990966797e+01
1.599161624908447266e+01
1.171591758728027344e+01
1.809401035308837891e+01
1.277527570724487305e+01
1.006803274154663086e+01
1.445111751556396484e+01
1.057454347610473633e+01
2.015083551406860352e+01
1.367576003074645996e+01
9.523198604583740234e+00
1.474447488784790039e+01
2.238153934478759766e+01
1.771914601325988770e+01
1.420872926712036133e+01
1.360573530197143555e+01
1.177690505981445312e+01
1.260711669921875000e+01
2.116300106048583984e+01
1.610244393348693848e+01
1.505093693733215332e+01
1.737280607223510742e+01
1.787692666053771973e+01
8.678715229034423828e+00
9.063788652420043945e+00
7.559938430786132812e+00
7.439262866973876953e+00
5.686412453651428223e+00
1.759756326675415039e+01
1.215605854988098145e+01
1.345588207244873047e+01
1.565766096115112305e+01
5.813146233558654785e+00
8.095855116844177246e+00
1.264110445976257324e+01
1.547899484634399414e+01
1.514942169189453125e+01
2.024830579757690430e+01
2.252986907958984375e+01
1.172665238380432129e+01
1.845560193061828613e+01
1.778893232345581055e+01
1.670049309730529785e+01
1.582423686981201172e+01
8.837775588035583496e+00
8.173383474349975586e+00
1.438667774200439453e+01
2.492109537124633789e+01
1.955008506774902344e+01
1.027795314788818359e+01
1.823381304740905762e+01
1.169048190116882324e+01
1.482553601264953613e+01
1.334209799766540527e+01
1.484971642494201660e+01
1.896723389625549316e+01
9.342333674430847168e+00
1.032232999801635742e+01
1.175693511962890625e+01
1.933320045471191406e+01
2.004625558853149414e+01
1.457579851150512695e+01
2.058115959167480469e+01
8.589069247245788574e+00
1.409124374389648438e+01
1.326527237892150879e+01
7.771213054656982422e+00
1.190710425376892090e+01
9.802604317665100098e+00
1.229167580604553223e+01
1.851030945777893066e+01
1.114171504974365234e+01
1.676079869270324707e+01
1.272637248039245605e+01
1.304196476936340332e+01
1.416880965232849121e+01
1.417799115180969238e+01
1.348022699356079102e+01
1.542271852493286133e+01
1.124281883239746094e+01
9.177286028861999512e+00
1.488347649574279785e+01
3.640558719635009766e+00
1.271124601364135742e+01
1.239801526069641113e+01
1.314658284187316895e+01
1.720503687858581543e+01
1.380646944046020508e+01
1.047001361846923828e+01
6.175159215927124023e+00
1.531793951988220215e+01
1.833246588706970215e+01
1.265445828437805176e+01
7.933977246284484863e+00
1.574281692504882812e+01
1.138343930244445801e+01
1.197622537612915039e+01
1.131635665893554688e+01
1.207651615142822266e+01
1.904253244400024414e+01
2.220622777938842773e+01
1.321348309516906738e+01
5.109864473342895508e+00
1.881259799003601074e+01
1.592339634895324707e+01
1.183131098747253418e+01
1.437106966972351074e+01
1.718562722206115723e+01
7.724723815917968750e+00
3.484561145305633545e+00
1.661290764808654785e+01
1.449543237686157227e+01
3.886179029941558838e+00
1.204889655113220215e+01
2.341158628463745117e+01
1.597052454948425293e+01
5.883684754371643066e+00
1.636209607124328613e+01
1.966617584228515625e+01
8.398236036300659180e+00
8.986600041389465332e+00
8.420400619506835938e+00
7.736717462539672852e+00
2.866734266281127930e+01
1.383554100990295410e+01
1.311156749725341797e+01
5.974017381668090820e+00
1.680667996406555176e+01
1.390938758850097656e+01
5.607243776321411133e+00
1.442622423171997070e+01
1.199310779571533203e+01
-1.837468147277832031e-01
2.097151279449462891e+01
1.853990793228149414e+01
1.526733517646789551e+01
1.079648256301879883e+01
5.142542123794555664e+00
2.195134162902832031e+01
2.384998321533203125e+01
9.609020352363586426e+00
1.260340452194213867e+01
1.945070385932922363e+01
1.406874060630798340e+01
1.229007840156555176e+01
1.181544780731201172e+01
9.999732971191406250e+00
8.450415134429931641e+00
1.292966961860656738e+01
2.476648569107055664e+01
1.271029829978942871e+01
1.343676805496215820e+01
1.549100399017333984e+01
1.567224621772766113e+01
6.208775639533996582e+00
1.535276651382446289e+01
4.430549740791320801e+00
1.760105133056640625e+01
1.616932511329650879e+01
2.334567785263061523e+01
8.791303634643554688e+00
1.683026790618896484e+01
1.897838592529296875e+01
8.004544973373413086e+00
1.580595850944519043e+01
1.723286986351013184e+01
1.834429383277893066e+01
1.753778696060180664e+01
2.409768342971801758e+01
1.842211723327636719e+01
1.540764451026916504e+01
1.293842673301696777e+01
1.169082880020141602e+01
1.641654968261718750e+01
8.404737710952758789e+00
9.512062668800354004e+00
1.572169184684753418e+01
1.342063069343566895e+01
1.472810626029968262e+01
1.415971398353576660e+01
1.174805402755737305e+01
2.161167383193969727e+01
1.001001000404357910e+01
1.689652562141418457e+01
1.892230987548828125e+01
1.988488912582397461e+01
1.040981888771057129e+01
1.440949916839599609e+01
2.060541152954101562e+01
1.296221613883972168e+01
7.098176479339599609e+00
1.574633002281188965e+01
1.063945412635803223e+01
1.395640373229980469e+01
1.347395777702331543e+01
1.532020807266235352e+01
1.059283971786499023e+01
1.092417955398559570e+01
1.227144479751586914e+01
1.548638224601745605e+01
1.567031860351562500e+01
1.487976908683776855e+01
2.506522178649902344e+01
1.755838155746459961e+01
1.723934292793273926e+01
1.315588712692260742e+01
1.713312387466430664e+01
7.310717105865478516e+00
2.611393213272094727e+01
1.454927563667297363e+01
1.218465924263000488e+01
1.719992637634277344e+01
1.767836809158325195e+01
1.596758604049682617e+01
2.715387105941772461e+01
1.552708148956298828e+01
1.386582255363464355e+01
7.571399807929992676e+00
1.600313663482666016e+01
2.212424993515014648e+01
1.329966187477111816e+01
2.019746303558349609e+01
1.519033074378967285e+01
1.548740267753601074e+01
1.445679187774658203e+01
1.341439247131347656e+01
2.190081119537353516e+01
1.301872968673706055e+01
1.604955196380615234e+01
1.581165432929992676e+01
1.155978202819824219e+01
1.967101454734802246e+01
1.392306923866271973e+01
1.854992270469665527e+01
1.423424005508422852e+01
1.417963266372680664e+01
1.660800099372863770e+01
2.425480127334594727e+01
1.380110144615173340e+01
1.083236575126647949e+01
1.333410143852233887e+01
1.294689536094665527e+01
1.888599395751953125e+01
1.547901034355163574e+01
1.760928511619567871e+01
1.203583717346191406e+01
1.856540083885192871e+01
9.019177556037902832e+00
2.118179082870483398e+01
1.668928742408752441e+01
6.373009681701660156e+00
1.541813373565673828e+01
1.928543567657470703e+01
1.226374030113220215e+01
1.167966246604919434e+01
1.318350553512573242e+01
1.366896271705627441e+01
1.725833177566528320e+01
1.293544530868530273e+01
9.194765090942382812e+00
2.363258361816406250e+01
2.044722080230712891e+01
1.388888239860534668e+01
9.408907592296600342e-01
7.610703706741333008e+00
1.249193906784057617e+01
1.426407933235168457e+01
1.294046163558959961e+01
1.512872576713562012e+01
1.535769224166870117e+01
2.164906263351440430e+01
1.355396151542663574e+01
6.708108186721801758e+00
1.566367506980895996e+01
5.634444952011108398e+00
1.540558099746704102e+01
2.403681755065917969e+01
2.506788730621337891e+01
1.116046905517578125e+01
9.308528304100036621e+00
1.772575378417968750e+01
1.831822037696838379e+01
1.457938671112060547e+01
1.211131095886230469e+01
1.681227564811706543e+01
1.914076685905456543e+01
1.203967452049255371e+01
1.471418142318725586e+01
1.978449463844299316e+01
1.359905362129211426e+01
1.609934329986572266e+01
1.835398316383361816e+01
1.239751100540161133e+01
1.753909111022949219e+01
1.968148827552795410e+01
1.410541296005249023e+01
1.733006477355957031e+01
1.889576315879821777e+01
1.422072172164916992e+01
1.285327196121215820e+01
1.222186088562011719e+01
1.892418026924133301e+01
1.505566000938415527e+01
1.625886440277099609e+01
1.522348523139953613e+01
1.461157321929931641e+01
1.715186238288879395e+01
1.688591718673706055e+01
1.624461531639099121e+01
1.861617207527160645e+01
9.331935644149780273e+00
1.354830741882324219e+01
1.786985993385314941e+01
1.231590628623962402e+01
1.366312503814697266e+01
1.526573061943054199e+01
1.480091333389282227e+01
1.495689749717712402e+01
1.046290874481201172e+01
1.642532587051391602e+01
1.191608428955078125e+01
9.001064896583557129e+00
1.523549199104309082e+01
1.325055599212646484e+01
1.878335833549499512e+01
1.591546654701232910e+01
1.411282300949096680e+01
1.687079191207885742e+01
1.533458590507507324e+01
1.785234689712524414e+01
1.620609998703002930e+01
1.630054235458374023e+01
1.599571824073791504e+01
1.659593105316162109e+01
1.948245525360107422e+01
1.194683313369750977e+01
1.389622807502746582e+01
1.331843972206115723e+01
1.571145057678222656e+01
1.061973810195922852e+01
6.784826517105102539e+00
2.167203903198242188e+01
2.666418552398681641e+01
1.717421889305114746e+01
1.374190568923950195e+01
1.636100053787231445e+01
1.419191598892211914e+01
1.417921066284179688e+01
1.648939609527587891e+01
1.120930910110473633e+01
1.110289096832275391e+01
1.492913603782653809e+01
1.435905218124389648e+01
1.550148844718933105e+01
1.179171800613403320e+01
1.461027026176452637e+01
2.008254289627075195e+01
2.877231597900390625e+01
1.744036197662353516e+01
1.476444602012634277e+01
1.380763292312622070e+01
2.613049268722534180e+01
8.004508018493652344e+00
8.044512271881103516e+00
1.720209002494812012e+01
1.588427305221557617e+01
2.339592456817626953e+01
1.582146644592285156e+01
1.600990891456604004e+01
1.045613050460815430e+01
1.615234613418579102e+01
1.347605705261230469e+01
1.313940882682800293e+01
9.086868762969970703e+00
1.466519355773925781e+01
1.237782478332519531e+01
9.375784993171691895e+00
1.819380760192871094e+01
1.430049180984497070e+01
2.315047264099121094e+01
1.462971568107604980e+01
1.464787602424621582e+01
1.685517311096191406e+01
1.768949627876281738e+01
1.702412366867065430e+01
1.247403383255004883e+01
1.902316927909851074e+01
1.587727069854736328e+01
1.068802237510681152e+01
1.604418992996215820e+01
1.530400156974792480e+01
1.690677523612976074e+01
1.804551839828491211e+01
2.134692907333374023e+01
1.385942339897155762e+01
8.231680393218994141e+00
1.309391498565673828e+01
1.818108677864074707e+01
1.326037049293518066e+01
1.474608540534973145e+01
1.372015357017517090e+01
1.477602720260620117e+01
1.791962862014770508e+01
1.092047572135925293e+01
2.219456434249877930e+01
1.496417522430419922e+01
7.481413483619689941e+00
1.962399721145629883e+01
1.502757787704467773e+01
8.482530117034912109e+00
8.842234611511230469e+00
1.166199326515197754e+01
1.039246797561645508e+01
9.815038442611694336e+00
1.063096761703491211e+01
1.136141538619995117e+01
1.372779011726379395e+01
1.241517186164855957e+01
1.554718971252441406e+01
1.143152832984924316e+01
1.502849817276000977e+01
1.226427078247070312e+01
1.521389245986938477e+01
2.154313802719116211e+01
